Disease	BC	LC	MUO	RA	DCM	ICM	SLE
BC	198	76	26	63	36	46	13
LC	76	147	14	49	27	34	12
MUO	26	14	44	28	12	12	2
RA	63	49	28	111	25	33	5
DCM	36	27	12	25	62	40	2
ICM	46	34	12	33	40	88	7
SLE	13	12	2	5	2	7	24
