Disease	BC	LC	MUO	RA	DCM	ICM	SLE
BC	73	35	27	29	22	20	14
LC	35	63	19	25	13	15	12
MUO	27	19	42	22	11	17	8
RA	29	25	22	50	13	19	11
DCM	22	13	11	13	33	22	7
ICM	20	15	17	19	22	42	9
SLE	14	12	8	11	7	9	24
