Disease	BC	LC	MUO	RA	DCM	ICM	SLE
BC	7587	2535	382	957	476	1039	305
LC	2535	5237	247	708	343	555	230
MUO	382	247	591	217	73	129	29
RA	957	708	217	1971	180	310	126
DCM	476	343	73	180	1000	534	47
ICM	1039	555	129	310	534	2100	94
SLE	305	230	29	126	47	94	792
