Disease	BC	LC	MUO	RA	DCM	ICM	SLE
BC	7612	2537	1113	1537	761	1519	695
LC	2537	5238	697	1028	468	768	499
MUO	1113	697	2152	793	270	494	223
RA	1537	1028	793	3337	422	775	441
DCM	761	468	270	422	1712	957	193
ICM	1519	768	494	775	957	3372	352
SLE	695	499	223	441	193	352	1804
