Disease	BC	LC	MUO	RA	DCM	ICM
BC	7587	2535	382	957	476	1039
LC	2535	5237	247	708	343	555
MUO	382	247	591	217	73	129
RA	957	708	217	1971	180	310
DCM	476	343	73	180	1000	534
ICM	1039	555	129	310	534	2100
