Disease	BC	LC	MUO	RA	DCM	ICM
BC	6538	2221	122	529	228	410
LC	2221	4683	72	400	182	245
MUO	122	72	177	55	18	20
RA	529	400	55	1033	74	90
DCM	228	182	18	74	494	209
ICM	410	245	20	90	209	850
